992 2834
581 638
68 839
567 517
164 595
738 368
257 77
276 479
408 933
319 283
926 202
714 897
842 544
485 112
883 245
898 938
280 184
246 157
191 377
199 745
607 252
386 605
406 77
887 81
726 81
157 127
215 937
291 712
438 93
437 415
203 52
807 139
82 469
218 603
439 856
940 76
408 906
906 71
692 839
234 443
273 652
754 981
829 655
579 888
249 176
672 928
389 969
658 655
918 368
619 366
396 972
877 454
188 132
815 759
905 756
230 267
195 330
452 776
272 183
328 980
261 821
667 862
834 911
83 23
893 570
838 229
896 636
678 740
806 297
299 226
86 750
417 901
380 436
863 441
556 445
429 854
485 324
88 360
90 148
880 319
168 533
904 458
78 934
639 535
254 857
117 710
987 164
296 239
59 861
613 937
778 382
617 865
764 926
817 65
173 989
102 91
511 651
481 620
771 973
909 69
603 38
36 502
236 146
868 898
775 438
82 446
34 405
176 7
747 432
451 143
714 126
423 792
269 413
9 759
263 755
413 215
363 603
757 561
789 497
347 514
174 91
595 257
912 842
767 265
587 159
499 527
523 660
300 931
212 168
88 769
34 782
310 62
862 59
316 740
79 952
28 586
603 761
107 451
678 702
628 810
310 169
603 705
59 164
723 141
851 503
249 227
530 820
470 468
979 433
483 75
682 87
39 720
950 283
593 705
228 471
600 216
984 876
713 677
458 899
455 898
826 753
544 768
544 122
600 700
72 800
470 495
436 171
85 593
641 833
753 741
295 26
617 661
88 783
469 713
679 842
157 253
531 841
950 88
97 944
867 180
228 731
409 39
10 175
108 830
830 923
628 19
358 614
452 581
770 427
572 310
684 357
85 912
776 6
512 542
396 60
438 899
424 931
668 913
557 461
321 301
691 346
184 973
96 703
738 648
687 595
106 553
87 830
732 220
438 632
793 261
206 482
762 643
815 42
502 371
160 902
343 352
622 544
273 311
311 283
829 868
740 350
264 676
582 327
105 833
879 190
238 615
576 626
314 201
522 632
101 756
742 578
503 90
747 405
541 155
662 867
941 162
304 740
708 965
450 264
566 122
381 352
366 603
875 54
648 445
892 281
12 662
736 598
660 663
24 850
799 912
598 528
824 814
698 670
326 823
807 753
611 496
499 353
102 683
355 24
733 851
755 903
703 687
615 569
857 270
503 527
397 723
751 878
75 780
537 968
666 665
796 447
707 185
63 360
503 369
123 536
676 612
492 230
368 476
793 77
521 112
61 919
426 187
651 814
854 369
364 611
663 399
862 961
114 118
150 24
889 613
26 391
400 827
681 139
630 765
80 185
264 635
173 42
448 98
158 91
254 47
221 904
524 19
351 420
389 239
289 444
915 480
990 185
39 713
169 345
870 100
891 442
798 922
618 875
626 133
128 312
938 850
744 200
431 777
552 634
764 52
882 106
901 617
884 311
595 828
817 797
585 163
489 297
218 290
96 313
294 536
647 394
596 360
579 464
853 204
48 280
793 57
188 988
352 975
439 883
775 358
542 648
567 942
610 834
39 43
740 180
794 691
711 64
839 602
934 225
564 437
593 946
623 538
571 137
493 917
43 842
602 918
446 942
788 43
772 592
615 778
218 546
470 342
519 790
734 774
733 774
418 248
105 403
741 880
836 580
568 394
159 859
56 547
256 142
962 794
428 693
905 953
549 612
74 17
653 518
418 943
568 663
888 692
561 5
29 413
370 295
960 838
447 749
893 89
432 659
569 971
292 320
972 21
24 595
333 2
885 757
501 928
427 392
601 440
896 519
64 58
516 183
657 180
261 763
290 691
566 195
919 785
156 291
550 24
397 441
832 477
922 12
192 353
543 582
14 357
122 708
863 240
294 693
304 250
765 579
235 466
220 38
679 546
794 501
888 8
230 893
102 6
843 108
953 105
344 728
668 622
116 595
747 460
178 436
363 742
736 833
286 699
865 547
294 861
616 864
639 497
659 194
593 909
705 640
225 683
869 669
264 495
302 758
216 371
987 713
971 219
136 681
873 747
820 486
380 699
414 869
712 11
171 813
703 988
687 173
239 225
757 41
461 103
188 673
788 939
729 85
328 820
288 834
643 846
954 984
292 711
774 626
79 194
137 847
651 904
173 121
357 423
657 542
344 729
806 756
418 301
883 364
47 815
985 631
755 157
96 557
151 662
391 281
232 489
391 597
184 65
149 807
351 705
581 831
711 896
750 734
958 110
590 504
846 173
759 916
137 880
880 109
808 218
183 185
848 134
868 329
245 53
671 585
35 427
572 719
167 741
760 418
210 136
440 840
385 759
81 554
247 216
209 587
440 636
893 118
785 472
186 473
295 150
888 437
444 920
584 568
541 707
930 540
254 547
457 437
534 272
730 423
411 554
411 913
527 71
252 525
401 973
950 257
293 514
904 14
761 877
473 950
34 181
858 946
515 107
116 444
172 528
592 518
900 361
301 8
443 181
122 790
800 333
855 439
360 927
725 509
15 316
588 676
720 789
543 154
983 155
726 131
334 596
116 527
173 863
500 817
604 447
513 803
73 289
351 208
101 147
411 720
840 947
390 9
656 767
324 978
736 723
203 227
259 104
850 240
462 218
179 756
258 176
166 521
258 590
281 132
747 265
643 584
383 438
759 858
668 13
688 270
102 943
158 536
646 874
203 708
866 831
823 383
814 760
664 225
521 243
614 719
190 429
195 835
836 810
598 857
472 316
951 107
846 824
857 841
498 551
525 551
362 343
680 112
534 981
276 973
480 315
872 621
552 671
404 926
960 330
155 894
444 384
123 668
332 526
897 770
182 308
554 651
264 726
102 127
324 666
762 414
147 131
990 197
797 922
943 849
158 844
53 79
460 642
946 859
208 445
207 543
9 650
319 347
468 422
770 559
665 540
957 59
373 948
297 317
459 477
630 531
947 234
382 454
250 463
350 303
154 919
638 23
14 13
285 543
99 272
245 396
932 92
421 390
261 780
464 221
941 357
653 859
139 232
801 552
130 975
536 886
721 334
905 135
796 869
968 812
845 975
352 347
119 341
945 953
107 594
688 828
519 980
663 531
405 340
392 674
265 514
32 334
508 745
755 600
863 731
811 436
80 527
179 680
950 468
365 546
744 299
48 221
787 172
114 885
765 348
107 587
570 858
573 255
480 146
795 230
278 526
317 118
46 922
216 941
587 120
68 822
315 759
842 339
366 621
493 923
810 440
760 877
539 33
745 420
376 193
767 799
988 645
701 263
63 900
693 573
342 14
878 737
154 734
165 90
719 841
474 339
322 122
820 346
111 578
313 357
242 261
631 317
82 196
335 138
869 819
714 535
306 115
837 501
514 121
328 220
222 338
422 719
955 899
580 797
484 455
817 467
658 667
433 380
52 138
327 40
418 949
308 60
427 244
377 711
784 921
732 44
382 333
917 659
638 955
280 584
832 949
353 601
621 367
381 726
430 99
920 205
115 955
405 907
819 734
126 934
587 199
109 631
202 650
869 754
764 662
466 177
268 613
766 508
659 473
236 177
381 397
771 976
297 390
81 465
687 858
601 554
32 597
683 391
240 3
42 460
613 947
33 348
842 63
806 314
934 784
16 682
167 372
761 336
245 175
134 968
412 554
307 260
220 661
149 553
42 238
761 654
579 837
435 53
862 449
413 831
356 458
885 790
319 261
801 484
295 284
25 840
977 731
285 262
377 417
402 504
956 380
759 503
669 416
851 581
905 938
506 395
403 798
26 754
409 349
854 152
143 731
913 925
309 828
755 905
962 643
429 552
28 608
529 378
415 597
387 904
459 202
115 486
466 965
289 964
142 294
678 739
593 908
297 223
373 423
194 388
569 176
292 454
167 940
242 440
170 429
740 214
412 482
105 880
625 396
627 535
666 909
520 816
43 115
412 273
175 823
752 324
660 341
915 378
351 731
798 191
530 402
584 881
408 851
857 325
834 738
118 811
138 352
820 494
806 947
310 34
956 766
904 460
267 278
452 794
270 257
455 255
314 871
335 207
799 737
194 103
158 588
391 73
381 328
551 97
356 384
560 546
524 402
155 13
342 386
108 875
573 89
511 192
427 177
23 64
472 155
680 917
400 546
864 7
6 802
178 627
871 892
793 536
165 105
560 159
903 65
193 699
464 491
142 315
882 636
538 49
903 267
851 42
155 188
313 517
597 507
650 115
485 372
194 374
70 759
628 626
650 34
574 39
425 409
27 791
670 602
929 470
142 862
182 433
699 627
757 968
474 775
616 392
550 62
569 743
420 423
144 733
218 482
313 91
974 175
814 788
466 715
127 38
806 50
990 352
526 839
562 526
871 882
261 758
315 41
183 191
613 494
140 545
179 147
611 918
241 861
496 317
683 611
373 542
13 925
857 788
556 419
194 940
647 910
482 979
29 573
655 980
508 284
971 118
846 492
327 334
870 470
175 110
909 255
566 288
606 326
480 660
463 756
63 851
561 608
746 774
395 515
233 956
911 715
644 950
521 242
499 426
579 497
193 500
712 793
473 177
883 797
934 939
300 88
211 719
470 29
143 233
590 841
366 482
526 219
632 32
34 91
365 421
91 849
540 642
337 419
544 138
174 821
46 622
505 661
128 28
419 536
817 832
103 269
124 457
487 690
441 596
852 47
302 407
453 36
110 458
920 380
850 440
634 483
944 66
853 579
677 655
641 38
992 350
414 9
836 71
638 314
35 534
779 919
796 724
891 683
893 131
911 292
288 574
841 568
164 193
662 245
222 859
334 689
817 124
856 245
144 584
35 372
53 836
695 546
188 763
14 86
982 800
346 920
954 501
664 840
863 168
367 818
403 902
337 96
108 805
380 962
843 865
128 5
100 798
216 266
175 347
767 438
397 237
236 283
76 653
367 382
204 812
118 787
637 151
746 489
753 442
491 879
672 64
276 987
600 258
460 533
782 421
947 989
783 323
345 184
682 716
37 440
790 110
367 523
888 376
500 393
906 948
296 254
379 895
696 917
860 339
255 417
458 456
785 987
940 846
355 653
947 647
212 56
936 295
514 23
880 635
826 651
721 697
646 77
867 432
763 918
514 784
977 811
772 755
810 720
153 243
832 621
118 208
357 14
347 840
380 836
735 542
562 192
13 237
112 168
443 816
586 861
176 364
628 571
331 615
849 72
686 272
82 569
240 806
156 925
490 396
35 395
19 682
882 16
777 132
744 49
848 677
283 2
378 908
805 558
369 60
685 366
875 317
895 822
680 370
666 775
519 182
133 194
989 564
959 842
568 194
140 820
363 868
91 302
610 21
188 552
483 351
621 40
141 275
252 589
751 613
937 550
40 442
117 377
480 795
908 558
636 939
13 142
35 682
865 399
280 760
243 748
337 76
104 849
121 853
182 227
438 602
258 307
675 454
82 79
104 992
46 775
12 358
30 605
589 540
517 85
350 190
850 661
890 339
528 263
360 622
326 776
1 76
717 195
612 594
538 797
227 286
619 87
469 453
181 331
91 904
679 598
21 941
958 525
725 244
925 391
763 852
112 879
892 651
150 276
721 532
98 973
346 302
156 398
29 952
735 94
839 470
916 557
850 502
206 31
61 381
45 227
456 677
438 841
460 107
333 830
31 671
488 356
470 436
476 955
921 671
522 845
842 460
861 885
115 321
961 121
376 297
600 446
469 927
86 247
694 909
571 917
606 35
660 578
700 631
771 631
684 294
512 735
431 41
987 648
234 736
422 526
390 40
46 389
123 751
320 324
716 435
437 195
519 5
188 417
82 66
782 258
696 522
52 592
110 784
246 243
790 322
520 162
848 735
371 189
633 338
791 271
253 161
970 78
600 539
122 210
18 300
553 372
382 366
365 793
666 502
133 690
813 208
378 939
549 283
977 575
597 409
869 644
986 864
787 957
95 625
595 34
40 381
179 481
589 75
883 680
477 668
425 564
638 87
458 558
916 937
369 121
83 855
388 258
429 938
250 121
790 493
663 971
779 259
67 757
485 249
270 954
952 55
679 715
797 486
191 486
660 34
383 389
60 886
165 141
759 692
154 101
782 46
565 422
988 332
256 796
614 402
880 23
902 120
228 696
818 362
927 384
766 440
108 296
859 480
267 584
617 773
974 286
461 814
887 104
541 767
84 126
341 478
786 61
93 675
258 664
902 751
707 14
856 265
732 30
571 814
360 62
681 162
458 592
277 354
206 312
528 480
730 747
912 506
879 462
55 664
260 125
245 148
599 991
823 40
457 444
535 425
242 583
602 966
254 230
629 794
633 932
686 339
528 899
390 710
893 618
805 505
439 26
973 691
687 590
62 402
817 305
946 257
268 968
430 843
470 825
825 209
260 100
560 29
634 252
817 853
252 859
992 99
704 844
795 918
280 276
376 776
982 941
788 703
914 309
241 702
807 711
574 214
361 658
531 392
875 686
959 210
836 901
84 866
267 386
415 633
255 625
491 928
113 419
902 109
706 47
670 402
857 796
493 258
774 925
836 750
943 641
177 482
911 326
97 605
902 314
120 863
123 289
631 322
133 83
796 687
358 120
95 244
592 749
737 65
359 475
396 748
838 299
369 888
150 946
868 985
795 427
97 333
392 637
80 259
550 206
919 848
5 331
621 837
638 125
378 546
795 217
679 112
771 211
173 71
630 65
932 422
332 666
591 789
814 966
937 62
802 918
267 980
363 891
89 847
753 122
536 43
335 411
728 562
470 44
533 322
173 722
462 896
931 817
787 459
553 332
554 744
460 622
747 540
753 226
720 416
403 140
116 965
45 681
728 85
912 364
324 61
201 346
161 540
224 558
64 429
669 853
563 462
322 416
786 582
201 415
590 276
150 910
866 604
102 841
33 249
770 104
845 409
772 209
494 280
872 798
338 102
565 656
729 110
71 648
258 250
973 406
578 541
225 739
45 109
854 781
691 669
84 757
838 481
253 494
59 945
371 67
460 843
127 518
213 667
102 832
378 575
566 260
91 497
181 810
992 650
814 541
429 93
709 126
529 776
469 410
987 59
698 897
599 727
19 176
791 534
386 491
462 6
263 510
713 196
364 417
445 924
713 189
748 493
635 28
915 164
183 18
392 477
624 877
316 791
256 33
336 511
64 148
516 292
514 961
215 41
862 93
170 439
501 844
626 186
11 358
729 714
531 82
217 35
698 289
573 158
153 851
709 334
195 338
68 748
256 510
848 120
873 987
512 821
842 240
882 462
720 66
210 467
526 896
801 135
179 641
419 549
849 914
4 938
613 874
47 788
197 466
676 974
932 155
716 101
717 956
186 734
222 831
741 789
701 578
659 661
770 656
788 375
82 955
122 41
522 364
858 40
126 529
751 807
990 549
228 352
451 802
729 683
930 508
288 943
459 60
79 353
146 808
386 753
977 584
210 854
526 624
77 209
992 928
6 280
561 140
566 480
202 645
757 922
441 689
904 311
741 395
281 50
94 423
249 179
432 386
144 278
914 806
556 67
441 436
540 890
489 59
599 914
547 152
949 532
383 489
369 509
793 56
685 431
480 269
579 94
598 580
394 494
824 279
861 345
516 479
921 297
480 801
323 683
400 56
654 958
949 822
982 519
588 359
553 387
718 440
737 452
115 869
793 346
101 410
583 668
968 784
330 706
573 49
269 623
316 913
11 974
615 730
718 737
9 278
673 964
478 101
464 531
967 598
966 612
625 200
222 110
373 962
28 291
105 10
677 154
364 139
562 330
413 625
868 816
423 580
523 666
835 979
624 729
882 212
596 922
8 643
979 797
1 484
577 102
777 209
796 128
525 596
608 92
158 7
33 161
551 980
240 581
370 524
424 55
284 22
124 424
477 46
959 401
464 626
61 605
342 450
531 124
36 550
661 342
333 261
465 450
176 59
820 764
948 339
219 520
432 85
903 500
764 94
233 514
843 841
112 98
990 93
707 668
301 179
661 238
348 242
956 543
451 472
762 151
297 175
250 796
452 763
15 417
365 882
349 109
495 242
323 622
911 155
552 88
219 244
864 564
979 452
806 571
810 803
534 728
227 847
529 390
488 2
894 835
897 272
424 524
406 563
340 949
319 919
625 27
37 264
312 724
13 246
479 646
119 703
603 648
420 279
665 475
776 519
579 381
143 408
600 331
397 683
219 122
493 525
745 902
500 479
687 416
428 486
380 47
732 308
471 786
312 311
24 310
738 901
904 741
407 786
263 564
305 872
586 900
399 601
863 595
258 62
794 770
779 576
249 256
12 113
540 49
113 465
150 920
483 236
545 940
507 335
731 274
847 6
188 84
297 766
870 237
600 449
358 538
805 684
222 282
198 550
481 652
9 821
229 332
13 432
694 270
843 535
844 497
866 834
614 113
798 376
11 102
959 908
432 690
600 654
434 553
170 489
137 429
781 765
368 418
630 398
709 351
982 956
716 163
538 821
522 414
207 536
669 136
343 535
732 483
612 537
683 571
761 913
637 442
378 300
970 582
4 627
15 877
225 720
305 375
373 413
502 901
307 153
144 341
644 702
121 250
920 907
460 854
981 558
842 74
897 58
259 980
450 482
315 198
851 866
160 895
363 664
396 970
399 293
645 830
870 618
7 687
964 594
414 297
486 534
921 155
478 351
263 498
304 622
32 989
532 794
202 389
296 962
683 734
975 377
377 819
946 4
910 38
487 563
882 681
811 24
173 946
257 863
818 202
68 509
233 576
880 458
105 203
87 111
915 119
348 711
859 696
692 231
495 188
614 633
885 831
195 359
605 687
326 805
353 588
590 28
523 808
836 594
546 277
733 929
477 845
941 137
215 19
933 927
222 163
26 342
769 284
310 75
938 950
792 981
101 350
946 928
798 602
431 23
513 172
74 8
9 683
484 886
68 629
52 719
914 222
788 465
536 660
445 296
36 272
75 480
440 302
204 319
884 425
335 772
856 886
492 558
626 229
622 349
125 795
789 175
437 634
612 966
484 337
177 319
509 557
40 444
494 323
393 186
306 291
737 13
278 837
389 371
399 637
710 824
147 321
522 159
187 32
597 372
933 711
244 55
592 855
370 775
262 434
426 155
154 4
686 725
757 18
401 900
137 161
992 411
385 291
43 459
501 630
877 326
881 504
131 198
213 961
615 29
707 324
416 544
271 888
237 493
789 320
277 609
284 776
132 770
456 145
866 366
385 312
541 253
580 669
943 470
514 754
34 863
951 939
724 760
499 792
635 388
265 401
712 454
550 111
113 516
744 524
728 710
929 272
658 657
368 411
576 656
741 27
82 63
874 598
798 551
282 306
966 14
827 948
849 334
281 339
448 434
730 264
329 401
917 683
865 234
848 110
338 609
834 378
601 938
326 907
537 376
539 620
759 457
392 834
173 124
432 975
668 754
7 211
968 146
129 114
306 558
716 825
399 639
224 358
760 514
373 139
936 637
588 981
552 782
168 365
977 444
444 791
800 205
373 116
643 265
554 283
69 988
525 480
581 707
553 577
671 470
698 746
894 927
354 977
170 290
795 352
177 137
754 27
225 424
704 976
390 727
230 589
672 580
620 445
784 14
881 484
187 666
385 867
816 964
428 506
527 469
748 25
978 541
566 613
665 852
501 431
709 221
840 132
715 234
880 645
572 158
755 358
25 184
296 547
508 353
419 807
777 518
354 49
906 319
219 952
257 334
904 212
65 307
32 932
509 603
881 110
238 989
923 763
321 789
84 565
693 705
785 171
952 378
455 420
737 261
224 944
100 283
779 24
546 824
887 745
159 330
141 747
950 692
954 14
183 336
663 618
333 67
577 698
109 103
187 680
666 112
742 303
435 520
488 3
396 180
35 3
664 593
498 561
617 663
851 728
49 853
908 223
983 928
894 542
267 484
788 239
439 487
580 743
210 374
483 479
895 46
805 487
825 102
887 129
253 898
389 314
107 249
453 360
863 267
147 626
918 226
409 415
706 840
305 164
525 975
380 40
772 908
242 636
505 775
581 418
655 977
158 283
788 780
308 854
739 576
704 19
76 342
28 597
342 71
674 369
58 871
223 320
561 271
849 82
52 88
789 279
778 478
83 172
356 771
158 830
235 82
697 278
364 374
332 335
426 203
154 468
579 982
484 965
218 991
542 420
211 10
708 948
804 576
552 643
677 359
75 715
166 349
77 803
558 563
82 891
978 845
690 561
250 607
348 571
474 388
38 525
598 398
136 90
373 88
870 302
873 218
196 551
142 389
552 364
916 450
313 550
232 424
726 583
893 973
341 496
752 313
145 752
401 59
331 134
23 243
151 318
669 754
490 621
90 502
971 796
806 480
275 814
809 983
111 412
59 199
3 818
152 717
236 392
733 966
302 923
183 126
367 631
925 289
467 625
75 730
747 694
472 612
197 846
640 774
347 303
388 447
46 569
709 323
124 645
752 875
913 371
546 529
91 827
770 297
632 517
613 557
428 165
603 874
258 435
990 921
159 817
888 372
317 294
154 248
559 854
927 455
414 227
864 786
605 743
428 459
913 368
877 394
454 784
753 644
305 921
956 562
186 814
582 426
645 141
93 663
961 29
228 616
213 184
140 616
79 675
905 502
287 470
288 901
517 539
827 232
918 348
579 494
28 863
50 118
270 421
785 903
380 447
276 683
704 396
523 279
908 318
500 697
515 17
310 224
334 892
667 673
817 252
376 924
882 103
974 442
355 550
964 244
380 550
641 59
296 493
207 729
595 944
317 425
190 905
526 807
403 13
222 819
330 293
692 687
581 963
112 393
772 50
832 461
468 263
833 36
909 327
747 628
231 607
35 678
399 307
790 897
537 214
823 122
695 381
255 80
184 559
374 358
821 391
457 122
665 112
745 290
448 430
302 114
161 527
370 668
867 560
393 742
233 674
76 974
441 242
149 289
280 763
960 440
28 821
35 572
269 573
881 524
491 687
663 166
101 803
748 78
752 831
660 469
202 422
457 950
649 637
851 354
924 116
746 699
553 262
92 134
756 429
386 208
99 866
686 675
467 829
177 253
160 147
566 495
181 328
181 771
384 433
238 426
961 295
211 426
938 325
50 980
622 54
659 440
912 552
934 871
222 149
396 818
345 545
743 493
232 917
251 781
675 424
161 101
513 968
515 435
493 787
248 682
265 730
547 98
360 796
230 482
982 861
126 542
815 184
129 331
402 43
88 377
781 184
73 438
587 474
918 164
885 319
261 186
752 926
505 330
59 289
67 125
488 479
110 844
917 682
963 382
901 507
727 711
449 468
626 140
984 713
711 35
625 924
274 674
258 360
262 416
978 106
46 747
691 786
49 134
164 946
425 125
498 35
355 521
758 305
176 641
540 676
817 266
543 563
285 276
13 175
334 264
454 3
756 297
462 195
804 285
261 831
916 25
2 892
630 598
410 898
985 45
70 761
236 811
171 793
311 582
173 331
532 533
258 564
480 817
157 759
30 645
859 904
163 90
649 871
590 8
920 948
761 368
227 249
526 478
782 275
681 554
632 365
929 740
745 383
672 382
196 596
767 415
751 108
310 57
632 39
46 50
564 385
692 382
505 268
893 459
487 420
434 15
38 493
772 223
358 910
44 757
238 676
991 569
924 735
616 95
725 158
304 155
892 244
31 88
697 258
73 370
743 835
946 918
319 551
658 952
642 341
304 911
930 749
810 178
232 775
394 989
72 976
219 246
314 384
592 945
116 441
541 467
315 254
178 155
160 370
325 403
93 919
717 690
296 82
665 948
845 123
677 457
755 659
292 947
132 485
168 950
351 78
157 563
47 650
601 167
943 764
472 109
879 839
765 393
315 790
247 467
598 633
431 877
751 786
88 542
642 479
862 887
980 742
657 620
861 122
916 78
330 41
438 286
462 837
29 129
301 622
876 76
110 134
57 941
205 327
370 83
409 271
168 720
505 438
37 319
773 816
338 238
178 753
729 455
75 379
756 653
501 152
564 720
69 873
327 602
650 842
631 802
281 231
745 458
873 587
12 337
730 164
569 303
157 852
611 782
649 557
675 96
130 568
469 732
953 979
236 774
259 987
25 798
559 423
637 899
505 296
142 360
112 454
626 560
155 696
852 258
253 704
437 746
620 195
630 198
209 974
27 180
252 868
572 203
845 99
820 871
416 810
3 676
960 156
335 165
820 323
53 604
936 149
977 386
886 196
561 195
592 44
869 5
100 680
805 989
382 887
680 980
956 564
261 251
82 511
191 126
176 120
436 182
507 992
471 734
808 56
968 115
713 843
182 807
762 441
493 19
383 884
828 410
404 463
463 369
925 422
763 695
378 309
530 470
824 530
626 930
699 430
62 540
673 712
287 445
581 666
430 32
472 620
269 990
287 515
308 900
202 604
938 543
45 823
669 850
818 556
32 590
822 474
487 386
332 36
208 570
462 910
138 439
528 430
73 602
992 758
296 573
65 368
358 96
69 408
426 704
64 8
559 656
49 785
429 768
470 194
648 598
773 583
6 863
922 380
376 377
413 887
353 244
736 30
555 249
666 979
784 314
744 206
502 250
584 194
268 224
95 684
558 17
961 339
194 418
250 624
270 969
129 415
793 637
775 768
431 98
245 64
233 790
326 318
900 121
441 628
405 614
851 650
47 303
303 657
783 667
409 925
618 89
218 753
479 3
186 429
573 651
244 46
246 789
541 411
465 146
283 439
859 539
506 536
750 222
238 818
259 788
22 784
794 482
830 939
981 453
216 727
330 201
237 645
751 609
310 243
721 131
540 577
351 791
617 306
94 150
452 256
206 819
524 492
484 177
729 679
142 603
35 575
107 858
410 498
543 234
579 211
